18841
18510
263
33309
20813
77683
30440
105583
150845
2561
140164
71678
19758
15138
3775
60383
336
26575
54608
1169
73322
98575
57274
16048
48888
22624
76668
15385
103766
53900
142380
65
144114
20418
9469
2769
63572
25912
118758
71709
131572
45517
34873
136011
1534
3724
101642
61233
1003
27249
105297
266
124325
8273
52229
698
24973
19922
55258
44667
88117
55294
2768
81161
26068
2543
59381
240
41645
21829
68729
74904
26136
25794
160952
96464
311
3907
140776
18259
113658
9547
103871
21568
17983
129278
87214
373
124139
2043
10455
30491
77887
120
18434
4541
69009
32185
1258
66030
125815
75426
49486
66264
1745
45238
18407
159276
8792
9046
1630
1355
69233
5462
10870
21275
61440
9437
147587
131553
39275
63403
59701
73693
36452
2874
67447
70518
67
72269
10897
1176
13738
43978
34415
144449
14250
107389
21147
28955
3950
56357
18397
158038
56587
752
132150
108221
16616
5570
30140
158598
33557
122864
38217
83804
6892
80443
2534
41530
16836
65607
7446
1788
31637
30619
8012
49465
78111
4316
103904
19444
99463
86478
30902
162614
34742
1603
20234
41883
99329
194
23699
33
4005
109994
103346
44731
9137
108626
108468
112768
65631
31643
4493
74183
46397
127124
121293
131724
254
20236
21001
19834
51360
30750
84899
28824
108603
36068
127967
101709
94981
136994
23029
44173
556
43495
104310
69226
4702
53395
7408
32258
7351
31606
19159
7839
68309
85506
119001
108830
30469
91165
29172
82018
66392
33242
27886
79504
33994
41419
11047
8611
10439
112239
12695
64209
49404
47293
103866
298
97266
39893
122686
24294
114282
27885
21325
32475
10362
58098
7954
2895
30842
90858
8661
13032
143973
5210
18307
30231
4691
4131
61368
48480
12300
17454
69989
12620
1711
28846
81053
23323
1803
1204
22632
1916
72727
8033
98787
89995
24924
2885
59517
43283
23732
27662
96975
18484
32067
6785
1172
73787
1222
128269
51803
53440
2576
32891
6507
4662
48577
5858
73302
10457
54651
734
68493
1213
28956
45736
18542
12066
89812
59403
31079
91714
108346
38784
85019
14546
63238
15829
891
119196
3484
11611
92652
851
13775
21132
2539
2992
44104
3815
43876
6977
107596
106784
90226
587
100620
126004
141982
23498
116283
33540
155561
112322
138516
66159
108408
29444
58390
23263
49967
19367
40035
5371
45877
9839
48234
36683
24623
153589
20033
2262
11400
93150
76969
3133
759
95391
33746
99408
5953
14556
157724
26443
6326
9869
3279
68825
14447
46710
150579
79814
6850
10906
128962
1687
139
121649
2767
14829
160113
26850
38059
22
36120
10826
133871
80909
242
101459
54279
125888
4809
72477
104469
115703
66605
112840
106728
76431
82005
14641
95896
131622
27431
23801
10843
132355
8540
5045
20718
100687
125069
20105
15582
7118
17191
30293
44158
101529
48461
22373
90403
6984
138985
33014
112964
74266
13070
95620
61602
102173
11515
41238
11430
14410
94839
76622
29675
1117
12041
5249
9217
16662
86115
97491
119466
21759
43763
2786
121703
75545
68764
16569
27303
54686
1044
6730
10829
1756
1622
1698
53632
9930
32968
58396
80546
80017
54235
4506
27095
2689
127308
3410
63718
118933
100690
437
122932
22263
20320
17741
75785
15189
27296
266
5829
63724
75957
50057
8880
147412
132470
40680
14526
5693
71919
64298
21120
74717
34142
22227
116880
31677
10071
115571
14351
4824
25271
8700
3155
18142
123291
65874
3144
28162
111578
95219
6089
88766
27932
139323
15876
33113
50336
105059
4320
134
53283
70029
99600
31842
125507
99859
97138
7547
124064
101633
18001
112290
4957
113266
85971
17299
111079
107176
146
109306
118590
82705
20474
28133
93379
1642
58274
2730
49284
99255
76688
77987
6206
193
146767
13186
24660
1039
1788
139297
19663
124
989
157008
32081
20946
16500
52600
102733
3935
3564
2807
32445
139179
88439
63802
18669
150045
121909
42573
14433
4062
51929
165
10605
60763
8995
5847
1368
84545
34712
103764
118567
20575
76093
139399
16790
112298
51014
13786
70420
56751
74644
88825
30288
28476
73014
126886
34627
22563
33683
134363
91661
27575
5406
30869
17496
87182
68097
119600
3213
46520
133271
43405
16004
16526
125681
62283
43741
89739
28
73302
2181
203
87168
121456
5260
24839
46497
1409
9800
2178
32646
91273
67113
66141
68187
114842
56915
326
71770
27392
125801
18744
35011
61095
52755
99100
106629
1793
19268
1755
5535
122952
150867
14610
89198
18152
300
38642
122738
134339
53159
4260
42976
149293
144134
47289
69927
101218
153216
5158
3258
4527
45503
5588
125084
831
111424
8386
34689
14281
77414
141472
31140
168
60010
33276
107989
27889
38855
91405
20512
121292
11556
22830
23005
12007
19838
37844
14627
45109
118104
15029
1807
3350
7629
2145
2430
5683
46449
63736
18322
79502
149079
42277
47469
133933
22051
49334
64180
4817
39845
89169
92930
46568
51882
6612
4717
3917
136443
100695
66671
308
19578
2829
12064
22262
791
66154
9454
5019
25709
101872
97377
8404
65622
147129
30118
44553
53834
6075
19282
21719
48340
51896
25805
10835
39517
15509
4831
5857
5638
8050
46696
67107
148161
54334
19760
3245
109166
108487
46906
31754
358
12509
52932
26034
12274
147160
84419
16676
5073
27841
32993
19789
1222
125619
11808
129006
79302
42981
23581
59052
131239
112175
79626
16260
128250
8343
21828
97168
15555
72038
17290
57263
17976
33513
312
94237
8177
10689
21713
4270
74860
103650
134440
6414
34669
164
43530
133951
84528
17086
28244
84157
95984
72028
3150
15465
92588
92032
16865
127828
6947
143003
2930
27859
31942
94599
19729
45244
85
69408
50
24194
79211
62134
6176
7127
17555
18431
40285
24145
87626
27323
68492
18233
15844
42311
58186
10463
1631
1490
2496
16549
23463
5162
28488
148300
25349
149452
74966
3634
42678
220
391
93639
36164
46406
57876
5462
1523
75637
4733
95126
85750
4204
39659
3353
22610
9633
92779
438
37665
9968
19409
58068
110740
147349
160588
27228
89263
12862
149142
83214
58086
53422
44588
23171
5874
96233
90289
2532
99548
46194
75203
886
7961
1177
112
12813
3412
44983
24202
224
48256
601
27922
77801
3803
9400
13027
3662
47755
115482
138
29822
4074
96877
74301
13091
1935
36648
148762
16480
70504
42109
60276
287
3247
43353
84361
23929
9992
56348
